8.796599 8.840040
8.796599 8.861760
8.796599 8.926920
8.796599 9.013800
8.796599 9.144120
8.796599 9.231000
8.796599 9.296160
8.796599 9.339600
8.796599 9.415620
8.796599 9.513360
8.796599 9.589380
8.796599 9.687119
8.796599 9.774000
8.796599 9.904320
8.796599 10.056360
8.796599 10.143240
8.796599 10.251840
8.796599 10.349580
8.796599 10.490760
8.796599 10.631940
8.796599 10.729680
8.796599 10.925159
8.796599 10.990320
8.796599 11.142360
8.796599 11.250959
8.796599 11.316120
8.796599 11.435580
8.796599 11.479020
8.796599 11.620200
8.796599 11.707080
8.796599 11.848260
8.796599 11.880839
8.796599 11.967720
8.796599 12.087180
8.698860 8.753160
8.698860 8.829180
8.698860 8.916059
8.698860 9.024660
8.698860 9.089820
8.698860 9.154980
8.698860 9.241859
8.698860 9.372180
8.698860 9.426480
8.698860 9.556800
8.698860 9.632820
8.698860 9.708839
8.698860 9.828300
8.698860 9.915180
8.698860 10.002060
8.698860 10.099800
8.698860 10.208400
8.698860 10.349580
8.698860 10.490760
8.698860 10.534200
8.698860 10.642799
8.698860 10.816560
8.698860 10.925159
8.698860 10.946879
8.698860 11.055480
8.698860 11.229239
8.698860 11.316120
8.698860 11.326980
8.698860 11.511600
8.698860 11.555039
8.698860 11.641920
8.698860 11.717939
8.698860 11.804820
8.698860 11.924280
8.698860 12.011160
8.698860 12.043739
8.698860 11.935140
8.611979 8.655420
8.611979 8.709720
8.611979 8.796599
8.611979 8.829180
8.611979 8.948640
8.611979 9.024660
8.611979 9.144120
8.611979 9.154980
8.611979 9.252720
8.611979 9.383039
8.611979 9.448200
8.611979 9.578520
8.611979 9.676260
8.611979 9.752280
8.611979 9.828300
8.611979 9.958620
8.611979 10.002060
8.611979 10.121520
8.611979 10.208400
8.611979 10.306140
8.611979 10.469040
8.611979 10.555920
8.611979 10.686240
8.611979 10.762259
8.611979 10.881720
8.611979 11.001180
8.611979 11.066339
8.611979 11.207520
8.611979 11.316120
8.611979 11.348700
8.611979 11.479020
8.611979 11.533319
8.611979 11.641920
8.611979 11.728800
8.611979 11.815680
8.611979 11.902560
8.611979 11.989440
8.611979 11.913420
8.351340 8.449080
8.351340 8.481660
8.351340 8.535960
8.351340 8.601120
8.351340 8.677140
8.351340 8.764020
8.351340 8.829180
8.351340 8.937779
8.351340 8.981220
8.351340 9.078959
8.351340 9.176700
8.351340 9.209280
8.351340 9.328740
8.351340 9.383039
8.351340 9.524220
8.351340 9.545939
8.351340 9.687119
8.351340 9.784860
8.351340 9.860880
8.351340 9.947760
8.351340 10.067220
8.351340 10.175819
8.351340 10.295280
8.351340 10.425600
8.351340 10.512480
8.351340 10.653660
8.351340 10.762259
8.351340 10.870860
8.351340 11.044620
8.351340 11.109779
8.351340 11.196660
8.351340 11.316120
8.351340 11.392139
8.329619 8.373060
8.329619 8.427360
8.329619 8.481660
8.329619 8.546820
8.329619 8.622840
8.329619 8.720580
8.329619 8.818320
8.329619 8.905200
8.329619 8.948640
8.329619 9.035520
8.329619 9.100679
8.329619 9.176700
8.329619 9.296160
8.329619 9.383039
8.329619 9.491640
8.329619 9.535080
8.329619 9.621960
8.329619 9.763140
8.329619 9.839160
8.329619 10.002060
8.329619 10.132380
8.329619 10.197540
8.329619 10.316999
8.329619 10.360440
8.329619 10.523340
8.329619 10.631940
8.329619 10.697100
8.329619 10.838280
8.329619 10.925159
8.329619 11.088059
8.329619 11.174940
8.329619 11.261820
8.329619 11.348700
8.329619 11.424720
8.329619 11.489880
8.329619 11.555039
8.329619 11.685360
8.058120 8.123280
8.058120 8.155860
8.058120 8.221020
8.058120 8.275320
8.058120 8.329619
8.058120 8.373060
8.058120 8.481660
8.058120 8.611979
8.058120 8.633699
8.058120 8.709720
8.058120 8.796599
8.058120 8.883480
8.058120 8.959500
8.058120 9.035520
8.058120 9.100679
8.058120 9.241859
8.058120 9.328740
8.058120 9.437340
8.058120 9.535080
8.058120 9.643680
8.058120 9.763140
8.058120 9.871739
8.058120 9.958620
8.058120 10.056360
8.058120 10.197540
8.058120 10.251840
8.058120 10.382160
8.058120 10.436460
8.058120 10.577640
8.058120 10.675380
8.058120 10.762259
8.058120 10.870860
8.058120 10.968600
8.058120 11.044620
8.058120 11.131500
8.058120 11.196660
8.058120 11.305260
8.058120 11.348700
8.058120 11.435580
7.971240 7.992960
7.971240 8.036400
7.971240 8.068980
7.971240 8.155860
7.971240 8.210160
7.971240 8.318760
7.971240 8.362200
7.971240 8.394780
7.971240 8.449080
7.971240 8.535960
7.971240 8.579400
7.971240 8.698860
7.971240 8.742300
7.971240 8.807460
7.971240 8.937779
7.971240 9.002940
7.971240 9.068100
7.971240 9.165840
7.971240 9.241859
7.971240 9.383039
7.971240 9.469920
7.971240 9.643680
7.971240 9.730560
7.971240 9.817440
7.971240 9.958620
7.971240 10.012919
7.971240 10.099800
7.971240 10.208400
7.971240 10.338719
7.971240 10.490760
7.971240 10.523340
7.971240 10.664520
7.971240 10.729680
7.971240 10.751400
7.971240 10.881720
7.971240 10.925159
7.971240 11.077200
7.775760 7.840920
7.775760 7.895220
7.775760 7.949520
7.775760 8.014680
7.775760 8.123280
7.775760 8.166719
7.775760 8.242740
7.775760 8.286180
7.775760 8.340480
7.775760 8.427360
7.775760 8.535960
7.775760 8.601120
7.775760 8.666280
7.775760 8.753160
7.775760 8.840040
7.775760 8.926920
7.775760 9.057240
7.775760 9.133260
7.775760 9.241859
7.775760 9.339600
7.775760 9.393900
7.775760 9.513360
7.775760 9.621960
7.775760 9.687119
7.775760 9.850019
7.775760 9.893460
7.775760 10.023780
7.775760 10.143240
7.775760 10.251840
7.775760 10.262700
7.775760 10.349580
7.775760 10.436460
7.775760 10.555920
7.775760 10.621079
7.775760 10.729680
7.775760 10.740540
7.775760 10.903440
7.775760 10.957740
9.795720 9.860880
9.795720 9.969480
9.795720 10.034639
9.795720 10.175819
9.795720 10.284420
9.795720 10.425600
9.795720 10.414740
9.795720 10.534200
9.795720 10.697100
9.795720 10.740540
9.795720 10.849140
9.795720 10.936020
9.795720 11.022900
9.795720 11.164080
9.795720 11.218380
9.795720 11.326980
9.795720 11.413859
9.795720 11.522460
9.795720 11.609340
9.795720 11.696219
9.795720 11.848260
9.795720 11.956860
9.795720 12.076320
9.795720 12.195780
9.795720 12.282660
9.795720 12.402120
9.795720 12.543300
9.795720 12.630179
9.795720 12.727920
9.795720 12.803940
9.795720 12.869100
9.795720 12.977700
9.795720 12.608459
9.936900 9.980340
9.936900 10.067220
9.936900 10.175819
9.936900 10.262700
9.936900 10.393020
9.936900 10.545060
9.936900 10.664520
9.936900 10.729680
9.936900 10.849140
9.936900 10.914300
9.936900 11.044620
9.936900 11.142360
9.936900 11.207520
9.936900 11.316120
9.936900 11.457300
9.936900 11.555039
9.936900 11.685360
9.936900 11.728800
9.936900 11.815680
9.936900 11.956860
9.936900 12.043739
9.936900 12.163199
9.936900 12.282660
9.936900 12.315240
9.936900 12.478140
9.936900 12.575880
9.936900 12.630179
9.936900 12.717060
9.936900 12.782220
9.936900 12.858240
9.936900 12.923400
9.936900 13.021140
9.936900 13.162320
9.936900 13.194900
9.936900 13.303500
9.784860 9.839160
9.784860 9.893460
9.784860 10.012919
9.784860 10.143240
9.784860 10.219260
9.784860 10.360440
9.784860 10.447320
9.784860 10.555920
9.784860 10.675380
9.784860 10.762259
9.784860 10.860000
9.784860 10.968600
9.784860 11.055480
9.784860 11.218380
9.784860 11.337840
9.784860 11.435580
9.784860 11.544180
9.784860 11.587620
9.784860 11.674500
9.784860 11.869980
9.784860 11.935140
9.784860 12.022019
9.784860 12.152340
9.784860 12.206640
9.784860 12.369540
9.784860 12.510719
9.784860 12.565020
9.784860 12.586740
9.784860 12.717060
9.784860 12.836520
9.784860 12.901680
9.784860 12.988560
9.784860 13.108020
9.784860 13.151460
8.459940 8.568540
8.459940 8.633699
8.459940 8.655420
8.459940 8.720580
8.459940 8.807460
8.459940 8.894340
8.459940 8.981220
8.459940 9.068100
8.459940 9.176700
8.459940 9.241859
8.459940 9.328740
8.459940 9.415620
8.459940 9.556800
8.459940 9.600240
8.459940 9.708839
8.459940 9.882600
8.459940 9.915180
8.459940 10.067220
8.459940 10.175819
8.459940 10.262700
8.459940 10.371300
8.459940 10.501619
8.459940 10.577640
8.459940 10.675380
8.459940 10.729680
8.459940 10.870860
8.459940 10.957740
8.459940 11.044620
8.459940 11.088059
8.459940 11.142360
8.459940 11.229239
8.459940 11.294400
8.459940 11.424720
8.459940 11.359560
8.459940 11.544180
10.284420 10.360440
10.284420 10.479899
10.284420 10.621079
10.284420 10.740540
10.284420 10.925159
10.284420 11.022900
10.284420 11.109779
10.284420 11.196660
10.284420 11.316120
10.284420 11.435580
10.284420 11.500740
10.284420 11.631060
10.284420 11.728800
10.284420 11.837399
10.284420 11.935140
10.284420 12.032880
10.284420 12.195780
10.284420 12.228360
10.284420 12.347819
10.284420 12.521580
10.284420 12.608459
10.284420 12.771359
10.284420 12.836520
10.284420 12.977700
10.284420 13.042860
10.284420 13.108020
10.284420 13.216619
10.284420 13.281779
10.284420 13.390380
10.284420 13.509840
10.284420 13.564139
10.284420 13.661880
9.708839 9.806580
9.708839 9.893460
9.708839 10.002060
9.708839 10.164960
9.708839 10.262700
9.708839 10.382160
9.708839 10.490760
9.708839 10.631940
9.708839 10.729680
9.708839 10.838280
9.708839 10.957740
9.708839 11.044620
9.708839 11.174940
9.708839 11.261820
9.708839 11.392139
9.708839 11.479020
9.708839 11.565900
9.708839 11.717939
9.708839 11.815680
9.708839 11.956860
9.708839 12.022019
9.708839 12.141479
9.708839 12.239220
9.708839 12.402120
9.708839 12.488999
9.708839 12.499860
9.708839 12.662760
9.708839 12.727920
9.708839 12.814799
9.708839 12.879960
9.708839 13.021140
9.708839 13.097159
8.937779 8.959500
8.937779 9.013800
8.937779 9.089820
8.937779 9.198420
8.937779 9.252720
8.937779 9.372180
8.937779 9.426480
8.937779 9.556800
8.937779 9.665400
8.937779 9.730560
8.937779 9.817440
8.937779 9.882600
8.937779 9.969480
8.937779 10.067220
8.937779 10.208400
8.937779 10.295280
8.937779 10.382160
8.937779 10.523340
8.937779 10.588500
8.937779 10.729680
8.937779 10.849140
8.937779 10.968600
8.937779 11.088059
8.937779 11.196660
8.937779 11.305260
8.937779 11.381280
8.937779 11.522460
8.937779 11.652780
8.937779 11.728800
8.937779 11.869980
8.937779 11.924280
8.937779 12.022019
8.937779 12.098040
8.937779 12.184919
8.937779 12.217500
8.937779 12.108900
9.046380 9.122400
9.046380 9.176700
9.046380 9.220140
9.046380 9.317880
9.046380 9.339600
9.046380 9.502500
9.046380 9.513360
9.046380 9.621960
9.046380 9.741420
9.046380 9.828300
9.046380 9.915180
9.046380 10.002060
9.046380 10.099800
9.046380 10.186680
9.046380 10.349580
9.046380 10.393020
9.046380 10.588500
9.046380 10.697100
9.046380 10.740540
9.046380 10.925159
9.046380 11.001180
9.046380 11.109779
9.046380 11.261820
9.046380 11.316120
9.046380 11.468160
9.046380 11.576759
9.046380 11.663640
9.046380 11.728800
9.046380 11.891700
9.046380 11.978580
9.046380 12.022019
9.046380 12.184919
9.046380 12.228360
9.046380 12.358680
9.046380 12.423840
9.936900 9.969480
9.936900 10.067220
9.936900 10.154099
9.936900 10.262700
9.936900 10.436460
9.936900 10.523340
9.936900 10.588500
9.936900 10.718820
9.936900 10.816560
9.936900 10.849140
9.936900 11.012040
9.936900 11.109779
9.936900 11.218380
9.936900 11.261820
9.936900 11.424720
9.936900 11.544180
9.936900 11.609340
9.936900 11.728800
9.936900 11.815680
9.936900 11.989440
9.936900 12.076320
9.936900 12.152340
9.936900 12.282660
9.936900 12.402120
9.936900 12.488999
9.936900 12.565020
9.936900 12.684480
9.936900 12.727920
9.936900 12.901680
9.936900 12.945120
9.936900 12.988560
9.936900 13.064580
9.936900 13.129740
9.936900 13.064580
9.936900 13.075439
9.936900 13.216619
9.936900 13.249200
9.936900 13.314360
