10.631940 10.794840
10.631940 10.892580
10.631940 10.946879
10.631940 11.098920
10.631940 11.207520
10.631940 11.326980
10.631940 11.435580
10.631940 11.533319
10.631940 11.641920
10.631940 11.783100
10.631940 11.891700
10.631940 11.967720
10.631940 12.130620
10.631940 12.174060
10.631940 12.304379
10.631940 12.402120
10.631940 12.565020
10.631940 12.608459
10.631940 12.717060
10.631940 12.814799
10.631940 12.945120
10.631940 13.021140
10.631940 13.075439
10.631940 13.238339
10.631940 13.357800
10.631940 13.390380
10.631940 13.455540
10.631940 13.509840
10.631940 13.542419
10.631940 13.531560
10.631940 13.422959
10.631940 13.531560
10.631940 13.564139
10.175819 10.240980
10.175819 10.306140
10.175819 10.414740
10.175819 10.555920
10.175819 10.751400
10.175819 10.794840
10.175819 10.881720
10.175819 11.012040
10.175819 11.131500
10.175819 11.229239
10.175819 11.316120
10.175819 11.435580
10.175819 11.533319
10.175819 11.620200
10.175819 11.739660
10.175819 11.902560
10.175819 11.989440
10.175819 12.054600
10.175819 12.184919
10.175819 12.304379
10.175819 12.369540
10.175819 12.510719
10.175819 12.597600
10.175819 12.749640
10.175819 12.858240
10.175819 12.793079
10.175819 12.869100
10.175819 13.010280
10.175819 13.064580
10.175819 13.108020
10.175819 13.129740
10.175819 13.151460
10.175819 13.162320
10.175819 13.151460
10.175819 13.075439
10.175819 13.151460
10.175819 13.129740
10.175819 13.097159
10.154099 10.175819
10.154099 10.240980
10.154099 10.360440
10.154099 10.545060
10.154099 10.642799
10.154099 10.794840
10.154099 10.849140
10.154099 11.001180
10.154099 11.131500
10.154099 11.229239
10.154099 11.326980
10.154099 11.457300
10.154099 11.576759
10.154099 11.696219
10.154099 11.804820
10.154099 11.891700
10.154099 12.022019
10.154099 12.108900
10.154099 12.250080
10.154099 12.391260
10.154099 12.488999
10.154099 12.597600
10.154099 12.695340
10.154099 12.782220
10.154099 12.901680
10.154099 13.064580
10.154099 13.129740
10.154099 13.238339
10.154099 13.314360
10.154099 13.422959
10.154099 13.488120
10.154099 13.531560
11.609340 11.674500
11.609340 11.761380
11.609340 11.913420
11.609340 12.054600
11.609340 12.141479
11.609340 12.282660
11.609340 12.402120
11.609340 12.488999
11.609340 12.586740
11.609340 12.738780
11.609340 12.814799
11.609340 12.955979
11.609340 13.032000
11.609340 13.129740
11.609340 13.238339
11.609340 13.281779
11.609340 13.444680
11.609340 13.531560
11.609340 13.651020
11.609340 13.737900
11.609340 13.868219
11.609340 13.955100
11.609340 14.096280
11.609340 14.150579
11.609340 14.248320
11.609340 14.280900
11.609340 14.411220
11.609340 14.541540
11.609340 14.595840
11.609340 14.660999
11.609340 13.792200
12.032880 12.087180
12.032880 12.195780
12.032880 12.315240
12.032880 12.412980
12.032880 12.586740
12.032880 12.662760
12.032880 12.793079
12.032880 12.869100
12.032880 12.999420
12.032880 13.075439
12.032880 13.173180
12.032880 13.292640
12.032880 13.422959
12.032880 13.498980
12.032880 13.618440
12.032880 13.737900
12.032880 13.846499
12.032880 13.933380
12.032880 14.009399
12.032880 14.139720
12.032880 14.237460
12.032880 14.302620
12.032880 14.422080
12.032880 14.552400
12.032880 14.660999
12.032880 14.682720
12.032880 14.802179
12.032880 14.878200
12.032880 14.291759
9.632820 9.687119
9.632820 9.774000
9.632820 9.839160
9.632820 10.002060
9.632820 10.164960
9.632820 10.273560
9.632820 10.447320
9.632820 10.555920
9.632820 10.664520
9.632820 10.740540
9.632820 10.870860
9.632820 10.957740
9.632820 11.055480
9.632820 11.142360
9.632820 11.294400
9.632820 11.424720
9.632820 11.511600
9.632820 11.641920
9.632820 11.739660
9.632820 11.869980
9.632820 12.065460
9.632820 12.141479
9.632820 12.195780
9.632820 12.293520
9.632820 12.380400
9.632820 12.456420
9.632820 12.510719
9.632820 12.662760
9.632820 12.738780
10.045500 10.186680
10.045500 10.306140
10.045500 10.414740
10.045500 10.577640
10.045500 10.675380
10.045500 10.794840
10.045500 10.925159
10.045500 10.968600
10.045500 11.088059
10.045500 11.196660
10.045500 11.337840
10.045500 11.392139
10.045500 11.511600
10.045500 11.609340
10.045500 11.728800
10.045500 11.837399
10.045500 11.902560
10.045500 12.076320
10.045500 12.217500
10.045500 12.282660
10.045500 12.391260
10.045500 12.478140
10.045500 12.575880
10.045500 12.684480
10.045500 12.695340
10.088940 10.143240
10.088940 10.208400
10.088940 10.403880
10.088940 10.523340
10.088940 10.621079
10.088940 10.740540
10.088940 10.827420
10.088940 10.936020
10.088940 11.066339
10.088940 11.142360
10.088940 11.261820
10.088940 11.403000
10.088940 11.489880
10.088940 11.555039
10.088940 11.641920
10.088940 11.728800
10.088940 11.891700
10.088940 11.935140
10.088940 12.065460
10.088940 12.141479
10.088940 12.315240
10.088940 12.423840
10.088940 12.510719
10.088940 12.651899
10.088940 12.695340
10.088940 12.695340
10.088940 12.869100
10.088940 12.988560
10.088940 13.075439
10.088940 13.129740
10.088940 13.238339
10.088940 13.281779
10.088940 13.401239
10.088940 13.444680
10.164960 10.175819
10.164960 10.262700
10.164960 10.458179
10.164960 10.501619
10.164960 10.697100
10.164960 10.816560
10.164960 10.936020
10.164960 11.022900
10.164960 11.131500
10.164960 11.261820
10.164960 11.294400
10.164960 11.413859
10.164960 11.576759
10.164960 11.685360
10.164960 11.761380
10.164960 11.869980
10.164960 11.956860
10.164960 12.054600
10.164960 12.119760
10.164960 12.260940
10.164960 12.315240
10.164960 12.434700
10.164960 12.521580
10.164960 12.651899
10.164960 12.782220
10.164960 12.890820
10.164960 12.923400
10.197540 10.262700
10.197540 10.327860
10.197540 10.469040
10.197540 10.566780
10.197540 10.751400
10.197540 10.903440
10.197540 11.012040
10.197540 11.109779
10.197540 11.196660
10.197540 11.305260
10.197540 11.392139
10.197540 11.511600
10.197540 11.587620
10.197540 11.696219
10.197540 11.804820
10.197540 11.956860
10.197540 12.011160
10.197540 12.108900
10.197540 12.174060
10.197540 12.304379
10.197540 12.434700
10.197540 12.510719
10.197540 12.597600
10.197540 12.684480
10.197540 12.782220
10.197540 12.890820
10.197540 12.923400
10.197540 12.988560
10.197540 13.097159
10.197540 13.184040
10.197540 13.270920
10.197540 13.357800
10.197540 13.488120
10.197540 13.564139
10.327860 10.360440
10.327860 10.436460
10.327860 10.566780
10.327860 10.697100
10.327860 10.849140
10.327860 10.936020
10.327860 11.109779
10.327860 11.142360
10.327860 11.316120
10.327860 11.403000
10.327860 11.511600
10.327860 11.631060
10.327860 11.717939
10.327860 11.815680
10.327860 11.924280
10.327860 12.076320
10.327860 12.108900
10.327860 12.271800
10.327860 12.369540
10.327860 12.510719
10.327860 12.575880
10.327860 12.695340
10.327860 12.858240
10.327860 12.945120
10.327860 13.021140
10.327860 13.097159
10.327860 13.249200
10.327860 13.368660
10.327860 13.390380
10.327860 13.477260
10.327860 13.596720
10.327860 13.694460
10.273560 10.306140
10.273560 10.360440
10.273560 10.501619
10.273560 10.555920
10.273560 10.675380
10.273560 10.762259
10.273560 10.925159
10.273560 10.946879
10.273560 11.131500
10.273560 11.196660
10.273560 11.337840
10.273560 11.348700
10.273560 11.446440
10.273560 11.598480
10.273560 11.609340
10.273560 11.707080
10.273560 11.815680
10.273560 12.022019
10.273560 12.098040
10.273560 12.195780
10.273560 12.271800
10.273560 12.391260
10.273560 12.488999
10.273560 12.565020
10.273560 12.651899
10.273560 12.836520
10.273560 12.858240
10.273560 12.988560
9.404759 9.426480
9.404759 9.480780
9.404759 9.589380
9.404759 9.654540
9.404759 9.817440
9.404759 9.915180
9.404759 9.969480
9.404759 10.088940
9.404759 10.251840
9.404759 10.371300
9.404759 10.382160
9.404759 10.545060
9.404759 10.664520
9.404759 10.729680
9.404759 10.838280
9.404759 10.925159
9.404759 11.022900
9.404759 11.088059
9.404759 11.207520
9.404759 11.316120
9.404759 11.468160
9.404759 11.544180
9.404759 11.663640
9.404759 11.783100
9.404759 11.891700
9.404759 11.913420
9.404759 12.130620
9.404759 12.195780
9.404759 12.336960
9.404759 12.369540
9.404759 12.543300
9.404759 12.608459
9.404759 12.695340
9.404759 12.771359
9.133260 9.209280
9.133260 9.220140
9.133260 9.296160
9.133260 9.415620
9.133260 9.480780
9.133260 9.600240
9.133260 9.676260
9.133260 9.763140
9.133260 9.860880
9.133260 9.947760
9.133260 10.078080
9.133260 10.143240
9.133260 10.240980
9.133260 10.306140
9.133260 10.414740
9.133260 10.577640
9.133260 10.642799
9.133260 10.751400
9.133260 10.903440
9.133260 10.990320
9.133260 11.088059
9.133260 11.120640
9.133260 11.250959
9.133260 11.370420
9.133260 11.435580
9.133260 11.631060
9.133260 11.685360
9.133260 11.783100
9.133260 11.891700
9.133260 11.956860
9.133260 12.022019
9.133260 12.163199
9.133260 12.250080
9.133260 12.336960
9.133260 12.326099
9.133260 12.456420
9.133260 12.488999
9.002940 9.002940
9.002940 9.100679
9.002940 9.187560
9.002940 9.241859
9.002940 9.404759
9.002940 9.535080
9.002940 9.611100
9.002940 9.589380
9.002940 9.763140
9.002940 9.828300
9.002940 9.958620
9.002940 10.088940
9.002940 10.143240
9.002940 10.230120
9.002940 10.306140
9.002940 10.490760
9.002940 10.610220
9.002940 10.697100
9.002940 10.794840
9.002940 10.881720
9.002940 10.990320
9.002940 11.055480
9.002940 11.142360
9.002940 11.207520
9.002940 11.348700
9.002940 11.457300
9.002940 11.500740
9.002940 11.641920
9.002940 11.696219
9.002940 11.761380
9.002940 11.826540
9.002940 11.880839
9.002940 11.913420
9.002940 12.108900
9.002940 12.184919
9.002940 12.282660
9.002940 12.336960
9.002940 12.402120
8.905200 8.981220
8.905200 9.013800
8.905200 9.068100
8.905200 9.198420
8.905200 9.252720
8.905200 9.372180
8.905200 9.437340
8.905200 9.502500
8.905200 9.665400
8.905200 9.730560
8.905200 9.806580
8.905200 9.969480
8.905200 10.078080
8.905200 10.143240
8.905200 10.251840
8.905200 10.403880
8.905200 10.490760
8.905200 10.577640
8.905200 10.631940
8.905200 10.762259
8.905200 10.870860
8.905200 10.990320
8.905200 11.077200
8.905200 11.164080
8.905200 11.283540
8.905200 11.348700
8.905200 11.446440
8.905200 11.544180
8.905200 11.631060
8.905200 11.728800
8.905200 11.804820
8.905200 11.891700
8.905200 11.956860
8.905200 12.076320
8.905200 12.184919
8.905200 12.228360
8.905200 12.304379
8.753160 8.807460
8.753160 8.894340
8.753160 8.992080
8.753160 9.057240
8.753160 9.144120
8.753160 9.231000
8.753160 9.317880
8.753160 9.383039
8.753160 9.524220
8.753160 9.589380
8.753160 9.632820
8.753160 9.752280
8.753160 9.828300
8.753160 9.893460
8.753160 10.056360
8.753160 10.143240
8.753160 10.219260
8.753160 10.382160
8.753160 10.436460
8.753160 10.577640
8.753160 10.697100
8.753160 10.762259
8.753160 10.870860
8.753160 10.990320
8.753160 11.109779
8.753160 11.229239
8.753160 11.305260
8.753160 11.403000
8.753160 11.468160
8.753160 11.609340
8.753160 11.663640
8.753160 11.728800
8.753160 11.837399
8.753160 11.935140
8.753160 11.978580
8.753160 12.098040
