7.102440 7.156740
7.102440 7.243620
7.102440 7.308780
7.102440 7.373940
7.102440 7.460820
7.102440 7.547700
7.102440 7.688880
7.102440 7.786620
7.102440 7.862640
7.102440 8.003819
7.102440 8.101560
7.102440 8.221020
7.102440 8.253600
7.102440 8.416500
7.102440 8.503380
7.102440 8.644560
7.102440 8.785740
7.102440 8.905200
7.102440 9.002940
7.102440 9.089820
7.102440 9.263579
7.102440 9.350460
7.102440 9.469920
7.102440 9.589380
7.102440 9.708839
7.102440 9.850019
7.102440 9.915180
7.102440 10.023780
7.102440 10.143240
7.102440 10.251840
7.102440 10.295280
7.102440 10.425600
6.277080 6.309660
6.277080 6.374820
6.277080 6.407400
6.277080 6.439980
6.277080 6.494280
6.277080 6.602880
6.277080 6.678900
6.277080 6.744060
6.277080 6.809220
6.277080 6.885240
6.277080 6.950400
6.277080 7.015560
6.277080 7.102440
6.277080 7.211040
6.277080 7.254480
6.277080 7.363080
6.277080 7.449960
6.277080 7.515120
6.277080 7.656300
6.277080 7.743180
6.277080 7.830060
6.277080 7.916940
6.277080 8.058120
6.277080 8.155860
6.277080 8.297040
6.277080 8.449080
6.277080 8.492519
6.277080 8.622840
6.277080 8.698860
6.277080 8.829180
6.277080 8.916059
6.277080 9.024660
6.277080 9.078959
6.277080 9.198420
6.277080 9.285300
6.277080 9.383039
6.277080 9.469920
6.277080 9.556800
6.277080 9.632820
5.299680 5.256240
5.299680 5.375700
5.299680 5.430000
5.299680 5.473440
5.299680 5.495160
5.299680 5.582040
5.299680 5.614620
5.299680 5.690640
5.299680 5.734080
5.299680 5.810100
5.299680 5.875260
5.299680 5.951280
5.299680 6.016440
5.299680 6.103320
5.299680 6.135900
5.299680 6.222780
5.299680 6.287940
5.299680 6.385680
5.299680 6.450840
5.299680 6.516000
5.299680 6.624600
5.299680 6.722340
5.299680 6.809220
5.299680 6.896100
5.299680 7.015560
5.299680 7.145880
5.299680 7.265340
5.299680 7.352220
5.299680 7.417380
5.299680 7.536840
5.299680 7.656300
5.299680 7.775760
5.299680 7.884360
5.299680 7.971240
5.299680 8.090700
5.299680 8.177580
5.299680 8.242740
5.299680 8.383920
5.299680 8.492519
5.299680 8.535960
7.341360 7.449960
7.341360 7.515120
7.341360 7.623720
7.341360 7.688880
7.341360 7.775760
7.341360 7.862640
7.341360 8.003819
7.341360 8.068980
7.341360 8.210160
7.341360 8.329619
7.341360 8.416500
7.341360 8.503380
7.341360 8.601120
7.341360 8.731440
7.341360 8.807460
7.341360 8.948640
7.341360 9.035520
7.341360 9.198420
7.341360 9.328740
7.341360 9.459060
7.341360 9.502500
7.341360 9.643680
7.341360 9.763140
7.341360 9.904320
7.341360 9.947760
7.341360 10.110660
7.341360 10.197540
7.341360 10.295280
7.341360 10.382160
7.341360 10.490760
7.341360 10.610220
7.341360 10.718820
6.798360 6.863520
6.798360 6.896100
6.798360 6.961260
6.798360 7.015560
6.798360 7.102440
6.798360 7.189320
6.798360 7.243620
6.798360 7.308780
6.798360 7.395660
6.798360 7.449960
6.798360 7.515120
6.798360 7.634580
6.798360 7.764900
6.798360 7.808340
6.798360 7.916940
6.798360 8.014680
6.798360 8.123280
6.798360 8.221020
6.798360 8.383920
6.798360 8.427360
6.798360 8.655420
6.798360 8.742300
6.798360 8.872620
6.798360 8.992080
6.798360 9.122400
6.798360 9.187560
6.798360 9.350460
6.798360 9.502500
6.798360 9.621960
6.798360 9.708839
6.798360 9.828300
6.798360 9.958620
6.798360 10.078080
6.798360 10.143240
7.178460 7.221900
7.178460 7.287060
7.178460 7.363080
7.178460 7.449960
7.178460 7.515120
7.178460 7.547700
7.178460 7.623720
7.178460 7.732320
7.178460 7.819200
7.178460 7.916940
7.178460 8.003819
7.178460 8.090700
7.178460 8.155860
7.178460 8.297040
7.178460 8.329619
7.178460 8.449080
7.178460 8.546820
7.178460 8.698860
7.178460 8.796599
7.178460 8.861760
7.178460 9.035520
7.178460 9.165840
7.178460 9.296160
7.178460 9.372180
7.178460 9.524220
7.178460 9.643680
7.178460 9.763140
7.178460 9.871739
7.178460 9.991199
7.178460 10.132380
7.178460 10.230120
7.178460 10.338719
7.178460 10.436460
7.178460 10.523340
7.982100 8.047260
7.982100 8.123280
7.982100 8.221020
7.982100 8.362200
7.982100 8.427360
7.982100 8.622840
7.982100 8.688000
7.982100 8.829180
7.982100 8.992080
7.982100 9.035520
7.982100 9.176700
7.982100 9.285300
7.982100 9.437340
7.982100 9.556800
7.982100 9.676260
7.982100 9.763140
7.982100 9.860880
7.982100 10.045500
7.982100 10.164960
7.982100 10.316999
7.982100 10.425600
7.982100 10.501619
7.982100 10.675380
7.982100 10.794840
7.982100 10.870860
7.982100 11.012040
7.982100 11.109779
7.982100 11.250959
7.982100 11.316120
8.199300 8.188440
8.199300 8.307899
8.199300 8.394780
8.199300 8.481660
8.199300 8.546820
8.199300 8.688000
8.199300 8.774879
8.199300 8.926920
8.199300 9.046380
8.199300 9.122400
8.199300 9.296160
8.199300 9.361320
8.199300 9.524220
8.199300 9.643680
8.199300 9.730560
8.199300 9.850019
8.199300 9.969480
8.199300 10.088940
8.199300 10.208400
8.199300 10.295280
8.199300 10.414740
8.199300 10.555920
8.199300 10.675380
8.199300 10.816560
8.199300 10.936020
8.199300 11.077200
8.199300 11.196660
8.199300 11.283540
8.199300 11.457300
8.199300 11.555039
8.231880 8.286180
8.231880 8.362200
8.231880 8.449080
8.231880 8.546820
8.231880 8.655420
8.231880 8.818320
8.231880 8.937779
8.231880 9.035520
8.231880 9.176700
8.231880 9.317880
8.231880 9.437340
8.231880 9.589380
8.231880 9.708839
8.231880 9.795720
8.231880 9.969480
8.231880 10.012919
8.231880 10.121520
8.231880 10.273560
8.231880 10.403880
8.231880 10.545060
8.231880 10.697100
8.231880 10.794840
8.231880 10.881720
8.231880 10.990320
8.231880 11.131500
8.231880 11.250959
8.231880 11.348700
8.231880 11.457300
8.231880 11.598480
8.145000 8.155860
8.145000 8.286180
8.145000 8.416500
8.145000 8.481660
8.145000 8.546820
8.145000 8.688000
8.145000 8.796599
8.145000 8.970360
8.145000 9.078959
8.145000 9.154980
8.145000 9.296160
8.145000 9.361320
8.145000 9.578520
8.145000 9.730560
8.145000 9.784860
8.145000 9.882600
8.145000 10.056360
8.145000 10.208400
8.145000 10.338719
8.145000 10.458179
8.145000 10.577640
8.145000 10.697100
8.145000 10.838280
8.145000 10.968600
8.145000 11.044620
8.145000 11.164080
8.145000 11.250959
8.145000 11.348700
8.145000 11.468160
7.645440 7.699740
7.645440 7.830060
7.645440 7.862640
7.645440 7.927800
7.645440 7.982100
7.645440 8.068980
7.645440 8.231880
7.645440 8.351340
7.645440 8.394780
7.645440 8.514240
7.645440 8.622840
7.645440 8.742300
7.645440 8.883480
7.645440 8.992080
7.645440 9.089820
7.645440 9.263579
7.645440 9.372180
7.645440 9.502500
7.645440 9.611100
7.645440 9.752280
7.645440 9.871739
7.645440 10.002060
7.645440 10.132380
7.645440 10.262700
7.645440 10.382160
7.645440 10.501619
7.645440 10.631940
7.645440 10.762259
7.645440 10.794840
7.645440 10.925159
7.645440 11.022900
7.754040 7.808340
7.754040 7.949520
7.754040 8.014680
7.754040 8.068980
7.754040 8.166719
7.754040 8.297040
7.754040 8.362200
7.754040 8.503380
7.754040 8.601120
7.754040 8.742300
7.754040 8.807460
7.754040 8.916059
7.754040 9.057240
7.754040 9.165840
7.754040 9.263579
7.754040 9.383039
7.754040 9.502500
7.754040 9.676260
7.754040 9.795720
7.754040 9.936900
7.754040 10.056360
7.754040 10.088940
7.754040 10.251840
7.754040 10.371300
7.754040 10.523340
7.754040 10.631940
7.754040 10.697100
7.754040 10.816560
7.754040 10.925159
7.754040 11.012040
7.754040 11.088059
7.678020 7.721460
7.678020 7.786620
7.678020 7.840920
7.678020 7.982100
7.678020 8.014680
7.678020 8.123280
7.678020 8.242740
7.678020 8.362200
7.678020 8.503380
7.678020 8.568540
7.678020 8.709720
7.678020 8.807460
7.678020 8.894340
7.678020 9.078959
7.678020 9.231000
7.678020 9.296160
7.678020 9.469920
7.678020 9.621960
7.678020 9.730560
7.678020 9.850019
7.678020 9.958620
7.678020 10.110660
7.678020 10.262700
7.678020 10.338719
7.678020 10.458179
7.678020 10.577640
7.678020 10.642799
7.678020 10.762259
7.678020 10.870860
7.678020 10.957740
7.678020 11.055480
7.678020 11.055480
8.601120 8.633699
8.601120 8.720580
8.601120 8.796599
8.601120 8.905200
8.601120 9.024660
8.601120 9.068100
8.601120 9.154980
8.601120 9.296160
8.601120 9.361320
8.601120 9.524220
8.601120 9.621960
8.601120 9.697980
8.601120 9.774000
8.601120 9.893460
8.601120 9.980340
8.601120 10.099800
8.601120 10.208400
8.601120 10.371300
8.601120 10.469040
8.601120 10.631940
8.601120 10.686240
8.601120 10.805699
8.601120 10.957740
8.601120 11.088059
8.601120 11.196660
8.601120 11.294400
8.601120 11.435580
8.601120 11.544180
8.601120 11.609340
8.601120 11.696219
8.601120 11.837399
8.601120 11.935140
