9.078959 9.122400
9.078959 9.209280
9.078959 9.296160
9.078959 9.404759
9.078959 9.491640
9.078959 9.556800
9.078959 9.643680
9.078959 9.730560
9.078959 9.828300
9.078959 9.915180
9.078959 10.002060
9.078959 10.110660
9.078959 10.208400
9.078959 10.284420
9.078959 10.371300
9.078959 10.469040
9.078959 10.555920
9.078959 10.664520
9.078959 10.816560
9.078959 10.827420
9.078959 10.936020
9.078959 11.022900
9.078959 11.142360
9.078959 11.305260
9.078959 11.403000
9.078959 11.609340
9.078959 11.717939
9.078959 11.956860
9.078959 12.282660
9.078959 12.195780
9.068100 9.122400
9.068100 9.209280
9.068100 9.252720
9.068100 9.415620
9.068100 9.491640
9.068100 9.578520
9.068100 9.697980
9.068100 9.763140
9.068100 9.871739
9.068100 9.969480
9.068100 10.056360
9.068100 10.175819
9.068100 10.284420
9.068100 10.349580
9.068100 10.436460
9.068100 10.555920
9.068100 10.642799
9.068100 10.762259
9.068100 10.870860
9.068100 10.968600
9.068100 11.088059
9.068100 11.185800
9.068100 11.337840
9.068100 11.457300
9.068100 11.544180
9.068100 11.696219
9.068100 11.750520
9.068100 11.815680
9.068100 11.924280
9.068100 12.043739
9.133260 9.187560
9.133260 9.241859
9.133260 9.339600
9.133260 9.448200
9.133260 9.545939
9.133260 9.676260
9.133260 9.763140
9.133260 9.871739
9.133260 9.926040
9.133260 10.056360
9.133260 10.121520
9.133260 10.251840
9.133260 10.338719
9.133260 10.436460
9.133260 10.610220
9.133260 10.729680
9.133260 10.849140
9.133260 10.946879
9.133260 11.033760
9.133260 11.142360
9.133260 11.261820
9.133260 11.392139
9.133260 11.468160
9.133260 11.598480
9.133260 11.696219
9.133260 11.815680
9.133260 11.924280
9.133260 11.956860
9.133260 12.098040
9.133260 12.228360
9.133260 12.336960
9.035520 9.068100
9.035520 9.176700
9.035520 9.296160
9.035520 9.296160
9.035520 9.393900
9.035520 9.524220
9.035520 9.643680
9.035520 9.752280
9.035520 9.850019
9.035520 9.915180
9.035520 10.034639
9.035520 10.088940
9.035520 10.208400
9.035520 10.371300
9.035520 10.436460
9.035520 10.534200
9.035520 10.664520
9.035520 10.794840
9.035520 10.957740
9.035520 11.044620
9.035520 11.088059
9.035520 11.229239
9.035520 11.316120
9.035520 11.446440
9.035520 11.522460
9.035520 11.728800
9.035520 11.783100
9.035520 11.924280
9.035520 11.989440
9.035520 12.054600
9.035520 12.184919
9.035520 12.304379
9.035520 12.391260
9.078959 9.133260
9.078959 9.154980
9.078959 9.241859
9.078959 9.361320
9.078959 9.448200
9.078959 9.545939
9.078959 9.708839
9.078959 9.763140
9.078959 9.882600
9.078959 10.002060
9.078959 10.175819
9.078959 10.208400
9.078959 10.371300
9.078959 10.425600
9.078959 10.501619
9.078959 10.621079
9.078959 10.762259
9.078959 10.849140
9.078959 10.990320
9.078959 11.088059
9.078959 11.196660
9.078959 11.348700
9.078959 11.424720
9.078959 11.598480
9.078959 11.663640
9.078959 11.728800
9.078959 11.815680
9.078959 11.869980
9.078959 11.924280
9.078959 12.011160
9.078959 12.141479
9.068100 9.133260
9.068100 9.176700
9.068100 9.252720
9.068100 9.361320
9.068100 9.480780
9.068100 9.545939
9.068100 9.665400
9.068100 9.752280
9.068100 9.850019
9.068100 9.991199
9.068100 10.110660
9.068100 10.197540
9.068100 10.219260
9.068100 10.382160
9.068100 10.447320
9.068100 10.555920
9.068100 10.729680
9.068100 10.794840
9.068100 10.936020
9.068100 11.044620
9.068100 11.142360
9.068100 11.305260
9.068100 11.392139
9.068100 11.468160
9.068100 11.576759
9.068100 11.609340
9.068100 11.761380
9.068100 11.848260
9.068100 11.924280
8.937779 9.013800
8.937779 9.035520
8.937779 9.100679
8.937779 9.209280
8.937779 9.296160
8.937779 9.426480
8.937779 9.502500
8.937779 9.621960
8.937779 9.687119
8.937779 9.806580
8.937779 9.936900
8.937779 10.056360
8.937779 10.143240
8.937779 10.230120
8.937779 10.338719
8.937779 10.469040
8.937779 10.610220
8.937779 10.675380
8.937779 10.783979
8.937779 10.903440
8.937779 11.055480
8.937779 11.088059
8.937779 11.250959
8.937779 11.348700
8.937779 11.435580
8.937779 11.500740
8.937779 11.663640
8.937779 11.717939
8.937779 11.869980
8.937779 11.956860
8.937779 12.043739
8.937779 12.108900
8.937779 12.184919
8.937779 12.271800
8.937779 12.336960
8.894340 8.926920
8.894340 9.002940
8.894340 9.089820
8.894340 9.241859
8.894340 9.296160
8.894340 9.415620
8.894340 9.426480
8.894340 9.556800
8.894340 9.632820
8.894340 9.708839
8.894340 9.850019
8.894340 9.926040
8.894340 10.045500
8.894340 10.154099
8.894340 10.240980
8.894340 10.382160
8.894340 10.501619
8.894340 10.610220
8.894340 10.697100
8.894340 10.838280
8.894340 10.936020
8.894340 11.001180
8.894340 11.088059
8.894340 11.229239
8.894340 11.294400
8.894340 11.446440
8.894340 11.609340
8.894340 11.652780
8.894340 11.783100
8.894340 11.848260
8.894340 11.978580
8.894340 12.130620
8.894340 12.184919
8.894340 12.087180
8.948640 9.035520
8.948640 9.068100
8.948640 9.133260
8.948640 9.241859
8.948640 9.350460
8.948640 9.459060
8.948640 9.589380
8.948640 9.676260
8.948640 9.752280
8.948640 9.871739
8.948640 9.958620
8.948640 10.078080
8.948640 10.088940
8.948640 10.316999
8.948640 10.425600
8.948640 10.414740
8.948640 10.555920
8.948640 10.718820
8.948640 10.794840
8.948640 10.903440
8.948640 11.012040
8.948640 11.109779
8.948640 11.250959
8.948640 11.370420
8.948640 11.446440
8.948640 11.522460
8.948640 11.620200
8.948640 11.707080
8.948640 11.869980
8.948640 11.978580
8.948640 12.098040
8.948640 12.087180
8.948640 12.250080
9.057240 9.133260
9.057240 9.285300
9.057240 9.274440
9.057240 9.415620
9.057240 9.535080
9.057240 9.589380
9.057240 9.676260
9.057240 9.784860
9.057240 9.882600
9.057240 9.991199
9.057240 10.110660
9.057240 10.143240
9.057240 10.349580
9.057240 10.403880
9.057240 10.490760
9.057240 10.534200
9.057240 10.697100
9.057240 10.794840
9.057240 10.849140
9.057240 10.979460
9.057240 11.098920
9.057240 11.207520
9.057240 11.294400
9.057240 11.413859
9.057240 11.533319
9.057240 11.663640
9.057240 11.815680
9.057240 11.924280
9.057240 11.978580
9.057240 12.022019
9.046380 9.089820
9.046380 9.122400
9.046380 9.209280
9.046380 9.296160
9.046380 9.393900
9.046380 9.469920
9.046380 9.621960
9.046380 9.752280
9.046380 9.774000
9.046380 9.882600
9.046380 10.078080
9.046380 10.056360
9.046380 10.154099
9.046380 10.262700
9.046380 10.414740
9.046380 10.534200
9.046380 10.642799
9.046380 10.729680
9.046380 10.860000
9.046380 10.968600
9.046380 11.055480
9.046380 11.229239
9.046380 11.294400
9.046380 11.381280
9.046380 11.468160
9.046380 11.576759
9.046380 11.728800
9.046380 11.837399
9.046380 11.935140
9.046380 12.011160
9.046380 12.108900
9.046380 12.195780
9.046380 12.304379
9.100679 9.133260
9.100679 9.220140
9.100679 9.328740
9.100679 9.393900
9.100679 9.469920
9.100679 9.621960
9.100679 9.621960
9.100679 9.763140
9.100679 9.828300
9.100679 9.915180
9.100679 10.034639
9.100679 10.121520
9.100679 10.240980
9.100679 10.403880
9.100679 10.501619
9.100679 10.642799
9.100679 10.762259
9.100679 10.870860
9.100679 10.946879
9.100679 11.033760
9.100679 11.174940
9.100679 11.272679
9.100679 11.359560
9.100679 11.522460
9.100679 11.641920
9.100679 11.761380
9.100679 11.869980
9.100679 12.022019
9.100679 12.076320
9.100679 12.141479
9.100679 12.228360
9.100679 12.336960
9.100679 12.391260
9.122400 9.220140
9.122400 9.296160
9.122400 9.393900
9.122400 9.480780
9.122400 9.589380
9.122400 9.654540
9.122400 9.828300
9.122400 9.860880
9.122400 10.023780
9.122400 10.067220
9.122400 10.208400
9.122400 10.338719
9.122400 10.436460
9.122400 10.588500
9.122400 10.642799
9.122400 10.783979
9.122400 10.849140
9.122400 10.979460
9.122400 11.174940
9.122400 11.283540
9.122400 11.316120
9.122400 11.413859
9.122400 11.522460
9.122400 11.620200
9.122400 11.783100
9.122400 11.902560
9.122400 12.022019
9.122400 12.108900
9.122400 12.163199
9.122400 12.271800
9.122400 12.369540
9.122400 12.423840
8.622840 8.666280
8.622840 8.742300
8.622840 8.807460
8.622840 8.829180
8.622840 8.948640
8.622840 9.035520
8.622840 9.068100
8.622840 9.187560
8.622840 9.274440
8.622840 9.328740
8.622840 9.415620
8.622840 9.502500
8.622840 9.600240
8.622840 9.697980
8.622840 9.795720
8.622840 9.882600
8.622840 10.002060
8.622840 10.110660
8.622840 10.154099
8.622840 10.327860
8.622840 10.436460
8.622840 10.534200
8.622840 10.642799
8.622840 10.794840
8.622840 10.860000
8.622840 10.968600
8.622840 11.120640
8.622840 11.229239
8.622840 11.316120
8.622840 11.413859
8.622840 11.522460
8.622840 11.609340
8.622840 11.696219
8.622840 11.815680
8.622840 11.924280
8.622840 12.011160
8.546820 8.568540
8.546820 8.601120
8.546820 8.666280
8.546820 8.785740
8.546820 8.796599
8.546820 8.916059
8.546820 9.024660
8.546820 9.068100
8.546820 9.176700
8.546820 9.285300
8.546820 9.328740
8.546820 9.393900
8.546820 9.524220
8.546820 9.589380
8.546820 9.676260
8.546820 9.817440
8.546820 9.936900
8.546820 10.023780
8.546820 10.088940
8.546820 10.230120
8.546820 10.262700
8.546820 10.382160
8.546820 10.436460
8.546820 10.577640
8.546820 10.675380
8.546820 10.729680
8.546820 10.881720
8.546820 10.914300
8.546820 11.077200
8.546820 11.153220
8.546820 11.283540
8.546820 11.316120
8.546820 11.413859
8.546820 11.468160
8.546820 11.555039
8.546820 11.609340
8.546820 11.728800
8.546820 11.772240
8.253600 8.307899
8.253600 8.362200
8.253600 8.394780
8.253600 8.503380
8.253600 8.568540
8.253600 8.677140
8.253600 8.796599
8.253600 8.883480
8.253600 8.905200
8.253600 8.926920
8.253600 9.035520
8.253600 9.122400
8.253600 9.187560
8.253600 9.296160
8.253600 9.361320
8.253600 9.469920
8.253600 9.567659
8.253600 9.676260
8.253600 9.763140
8.253600 9.839160
8.253600 9.980340
8.253600 10.067220
8.253600 10.175819
8.253600 10.262700
8.253600 10.327860
8.253600 10.436460
8.253600 10.555920
8.253600 10.653660
8.253600 10.805699
8.253600 10.860000
8.253600 10.957740
8.253600 11.022900
8.253600 11.218380
8.253600 11.283540
8.253600 11.370420
8.253600 11.403000
8.253600 10.805699
7.927800 7.982100
7.927800 8.036400
7.927800 8.101560
7.927800 8.134140
7.927800 8.210160
7.927800 8.297040
7.927800 8.405640
7.927800 8.492519
7.927800 8.535960
7.927800 8.644560
7.927800 8.688000
7.927800 8.818320
7.927800 8.937779
7.927800 9.002940
7.927800 9.078959
7.927800 9.100679
7.927800 9.263579
7.927800 9.307020
7.927800 9.426480
7.927800 9.513360
7.927800 9.676260
7.927800 9.784860
7.927800 9.871739
7.927800 9.904320
7.927800 10.056360
7.927800 10.143240
7.927800 10.230120
7.927800 10.316999
7.927800 10.403880
7.927800 10.501619
7.927800 10.577640
7.927800 10.642799
7.927800 10.751400
7.927800 10.849140
7.927800 10.892580
7.927800 10.914300
7.927800 11.044620
7.927800 11.109779
7.927800 11.142360
7.927800 11.316120
7.949520 8.014680
7.949520 8.047260
7.949520 8.101560
7.949520 8.210160
7.949520 8.275320
7.949520 8.307899
7.949520 8.438220
7.949520 8.503380
7.949520 8.590260
7.949520 8.633699
7.949520 8.709720
7.949520 8.850900
7.949520 8.916059
7.949520 9.002940
7.949520 9.111540
7.949520 9.176700
7.949520 9.263579
7.949520 9.350460
7.949520 9.415620
7.949520 9.578520
7.949520 9.676260
7.949520 9.784860
7.949520 9.850019
7.949520 9.969480
7.949520 10.088940
7.949520 10.208400
7.949520 10.295280
7.949520 10.403880
8.242740 8.307899
8.242740 8.394780
8.242740 8.492519
8.242740 8.535960
8.242740 8.622840
8.242740 8.709720
8.242740 8.807460
8.242740 8.926920
8.242740 8.959500
8.242740 9.068100
8.242740 9.176700
8.242740 9.252720
8.242740 9.383039
8.242740 9.448200
8.242740 9.545939
8.242740 9.600240
8.242740 9.708839
8.242740 9.904320
8.242740 10.045500
8.242740 10.088940
8.242740 10.208400
9.361320 9.415620
9.361320 9.535080
9.361320 9.589380
9.361320 9.676260
9.361320 9.763140
9.361320 9.882600
9.361320 9.980340
9.361320 10.056360
9.361320 10.175819
9.361320 10.295280
9.361320 10.382160
9.361320 10.523340
9.361320 10.631940
9.361320 10.729680
9.361320 10.849140
9.361320 10.903440
9.361320 11.022900
9.361320 11.109779
9.361320 11.196660
