8.557680 8.633699
8.535960 8.796599
8.535960 8.883480
8.535960 9.057240
8.535960 9.176700
8.535960 9.296160
8.535960 9.437340
8.535960 9.535080
8.535960 9.600240
8.535960 9.741420
8.535960 9.828300
8.535960 9.969480
8.535960 10.012919
8.535960 10.175819
8.557680 10.273560
8.557680 10.360440
8.557680 10.469040
8.557680 10.555920
8.557680 10.718820
8.557680 10.816560
8.557680 10.925159
8.557680 10.979460
8.557680 11.131500
8.557680 11.185800
8.557680 11.316120
8.557680 11.435580
8.557680 11.544180
8.557680 11.587620
8.557680 11.750520
8.557680 11.793960
8.557680 11.880839
8.394780 8.449080
8.394780 8.535960
8.394780 8.622840
8.394780 8.720580
8.394780 8.840040
8.394780 9.002940
8.394780 9.068100
8.394780 9.176700
8.394780 9.328740
8.394780 9.393900
8.394780 9.535080
8.394780 9.654540
8.394780 9.774000
8.394780 9.882600
8.394780 9.980340
8.394780 10.099800
8.394780 10.154099
8.394780 10.273560
8.394780 10.382160
8.405640 10.447320
8.405640 10.588500
8.405640 10.653660
8.405640 10.794840
8.405640 10.849140
8.405640 10.946879
8.405640 11.088059
8.405640 11.174940
8.405640 11.337840
8.405640 11.403000
8.405640 11.468160
8.405640 11.609340
8.405640 11.674500
8.307899 8.362200
8.307899 8.449080
8.307899 8.568540
8.307899 8.698860
8.307899 8.818320
8.307899 8.916059
8.307899 9.035520
8.307899 9.154980
8.307899 9.285300
8.307899 9.372180
8.307899 9.480780
8.307899 9.611100
8.307899 9.654540
8.307899 9.806580
8.307899 9.860880
8.307899 9.969480
8.307899 10.067220
8.307899 10.208400
8.307899 10.295280
8.307899 10.393020
8.307899 10.545060
8.307899 10.599360
8.307899 10.729680
8.307899 10.794840
8.307899 10.914300
8.307899 11.044620
8.307899 11.142360
8.307899 11.240100
8.307899 11.370420
8.307899 11.468160
8.307899 11.522460
8.307899 11.609340
8.307899 11.696219
7.927800 7.982100
7.927800 8.068980
7.927800 8.155860
7.927800 8.221020
7.927800 8.329619
7.927800 8.449080
7.927800 8.568540
7.927800 8.731440
7.927800 8.807460
7.927800 8.916059
7.927800 8.981220
7.927800 9.100679
7.927800 9.241859
7.927800 9.361320
7.927800 9.415620
7.927800 9.545939
7.927800 9.654540
7.927800 9.719700
7.927800 9.828300
7.927800 9.915180
7.927800 10.056360
7.927800 10.154099
7.927800 10.262700
7.927800 10.349580
7.927800 10.469040
7.927800 10.664520
7.927800 10.751400
7.927800 10.794840
7.927800 10.936020
7.927800 11.055480
7.927800 11.142360
7.927800 11.261820
7.211040 7.254480
7.211040 7.341360
7.211040 7.406520
7.211040 7.449960
7.211040 7.515120
7.211040 7.623720
7.211040 7.688880
7.211040 7.743180
7.211040 7.884360
7.211040 7.982100
7.211040 8.058120
7.211040 8.123280
7.211040 8.242740
7.211040 8.373060
7.211040 8.427360
7.211040 8.481660
7.211040 8.601120
7.211040 8.720580
7.211040 8.829180
7.211040 8.992080
7.211040 9.078959
7.211040 9.154980
7.211040 9.274440
7.211040 9.393900
7.211040 9.469920
7.211040 9.643680
7.211040 9.752280
7.211040 9.828300
7.211040 9.969480
7.211040 10.056360
7.211040 10.208400
7.211040 10.284420
7.211040 10.327860
7.211040 10.436460
7.211040 10.555920
6.602880 6.668040
6.602880 6.733200
6.602880 6.787500
6.602880 6.841800
6.602880 6.928680
6.602880 7.015560
6.602880 7.069860
6.602880 7.156740
6.602880 7.254480
6.602880 7.363080
6.602880 7.449960
6.602880 7.515120
6.602880 7.602000
6.602880 7.775760
6.602880 7.830060
6.602880 7.949520
6.602880 8.068980
6.602880 8.177580
6.602880 8.221020
6.602880 8.340480
6.602880 8.492519
6.602880 8.611979
6.602880 8.677140
6.602880 8.796599
6.602880 8.872620
6.602880 8.948640
6.602880 9.035520
6.602880 9.165840
6.602880 9.263579
6.602880 9.383039
6.602880 9.491640
6.602880 9.556800
6.602880 9.665400
6.602880 9.752280
6.602880 9.871739
6.602880 9.958620
